n= 229199 

node), split, n, deviance, yval
      * denotes terminal node

 1) root 229199 17331330.000 18.481010  
   2) wind_speed_10m< 20.25 142366  3072893.000 13.124670  
     4) wind_speed_10m< 12.75 64420   597958.000  9.116930  
       8) wind_speed_10m< 8.45 25841   150972.700  6.620692  
        16) wind_speed_10m< 6.05 10547    53188.820  5.121769 *
        17) wind_speed_10m>=6.05 15294    57745.540  7.654374 *
       9) wind_speed_10m>=8.45 38579   178110.100 10.788960  
        18) wind_speed_10m< 10.65 18272    67336.840  9.698692 *
        19) wind_speed_10m>=10.65 20307    69510.490 11.769970 *
     5) wind_speed_10m>=12.75 77946   585064.000 16.436940  
      10) wind_speed_10m< 16.55 39856   166446.300 14.652210  
        20) wind_speed_10m< 14.75 20428    68943.150 13.744410 *
        21) wind_speed_10m>=14.75 19428    62967.070 15.606740 *
      11) wind_speed_10m>=16.55 38090   158827.000 18.304430  
        22) wind_speed_10m< 18.25 18144    58656.360 17.334290 *
        23) wind_speed_10m>=18.25 19946    67560.560 19.186910 *
   3) wind_speed_10m>=20.25 86833  3477160.000 27.262930  
     6) wind_speed_10m< 29.85 62842   639381.300 24.209400  
      12) wind_speed_10m< 24.65 36083   166515.300 22.243830  
        24) wind_speed_10m< 22.35 18525    62457.440 21.185080 *
        25) wind_speed_10m>=22.35 17558    61383.140 23.360880 *
      13) wind_speed_10m>=24.65 26759   145480.400 26.859860  
        26) wind_speed_10m< 27.15 14654    55523.820 25.716810 *
        27) wind_speed_10m>=27.15 12105    47632.670 28.243590 *
     7) wind_speed_10m>=29.85 23991   717020.900 35.261340  
      14) wind_speed_10m< 37.65 17585   147124.300 32.766980  
        28) wind_speed_10m< 33.25 10346    46871.470 31.241020 *
        29) wind_speed_10m>=33.25 7239    41730.640 34.947880 *
      15) wind_speed_10m>=37.65 6406   160141.600 42.108590  
        30) wind_speed_10m< 45.35 5130    45126.690 40.290780  
          60) wind_speed_10m< 40.85 2982    16507.880 38.887060 *
          61) wind_speed_10m>=40.85 2148    14585.690 42.239530 *
        31) wind_speed_10m>=45.35 1276    29911.130 49.416850  
          62) wind_speed_10m< 51.75 913     9014.922 47.305590 *
          63) wind_speed_10m>=51.75 363     6590.815 54.727000 *
