n= 229199 

node), split, n, deviance, yval
      * denotes terminal node

  1) root 229199 17331330.000 18.481010  
    2) wind_speed_10m< 20.25 142366  3072893.000 13.124670  
      4) wind_speed_10m< 12.75 64420   597958.000  9.116930  
        8) wind_speed_10m< 8.45 25841   150972.700  6.620692  
         16) wind_speed_10m< 6.05 10547    53188.820  5.121769  
           32) wind_speed_10m< 4.25 4290    19692.350  4.101492 *
           33) wind_speed_10m>=4.25 6257    25968.870  5.821304 *
         17) wind_speed_10m>=6.05 15294    57745.540  7.654374  
           34) wind_speed_10m< 7.25 6767    25532.410  7.064209 *
           35) wind_speed_10m>=7.25 8527    27985.780  8.122728 *
        9) wind_speed_10m>=8.45 38579   178110.100 10.788960  
         18) wind_speed_10m< 10.65 18272    67336.840  9.698692  
           36) wind_speed_10m< 9.65 9266    31890.530  9.199158 *
           37) wind_speed_10m>=9.65 9006    30755.190 10.212650 *
         19) wind_speed_10m>=10.65 20307    69510.490 11.769970  
           38) wind_speed_10m< 11.75 10278    32180.660 11.247250 *
           39) wind_speed_10m>=11.75 10029    31643.370 12.305670 *
      5) wind_speed_10m>=12.75 77946   585064.000 16.436940  
       10) wind_speed_10m< 16.55 39856   166446.300 14.652210  
         20) wind_speed_10m< 14.75 20428    68943.150 13.744410  
           40) wind_speed_10m< 13.75 10309    32737.280 13.256190 *
           41) wind_speed_10m>=13.75 10119    31245.340 14.241790 *
         21) wind_speed_10m>=14.75 19428    62967.070 15.606740  
           42) wind_speed_10m< 15.65 10341    31980.240 15.183040 *
           43) wind_speed_10m>=15.65 9087    27017.780 16.088910 *
       11) wind_speed_10m>=16.55 38090   158827.000 18.304430  
         22) wind_speed_10m< 18.25 18144    58656.360 17.334290  
           44) wind_speed_10m< 17.45 9972    31104.680 16.951060 *
           45) wind_speed_10m>=17.45 8172    24300.030 17.801930 *
         23) wind_speed_10m>=18.25 19946    67560.560 19.186910  
           46) wind_speed_10m< 19.35 11148    36137.620 18.747960 *
           47) wind_speed_10m>=19.35 8798    26553.260 19.743110 *
    3) wind_speed_10m>=20.25 86833  3477160.000 27.262930  
      6) wind_speed_10m< 29.85 62842   639381.300 24.209400  
       12) wind_speed_10m< 24.65 36083   166515.300 22.243830  
         24) wind_speed_10m< 22.35 18525    62457.440 21.185080  
           48) wind_speed_10m< 21.05 7301    22326.680 20.556070 *
           49) wind_speed_10m>=21.05 11224    35363.140 21.594240 *
         25) wind_speed_10m>=22.35 17558    61383.140 23.360880  
           50) wind_speed_10m< 23.55 9577    30542.870 22.854710 *
           51) wind_speed_10m>=23.55 7981    25442.190 23.968270 *
       13) wind_speed_10m>=24.65 26759   145480.400 26.859860  
         26) wind_speed_10m< 27.15 14654    55523.820 25.716810  
           52) wind_speed_10m< 25.75 6966    22913.870 25.059300 *
           53) wind_speed_10m>=25.75 7688    26869.650 26.312580 *
         27) wind_speed_10m>=27.15 12105    47632.670 28.243590  
           54) wind_speed_10m< 28.35 5921    20000.520 27.550680 *
           55) wind_speed_10m>=28.35 6184    22067.420 28.907030 *
      7) wind_speed_10m>=29.85 23991   717020.900 35.261340  
       14) wind_speed_10m< 37.65 17585   147124.300 32.766980  
         28) wind_speed_10m< 33.25 10346    46871.470 31.241020  
           56) wind_speed_10m< 31.55 5660    22173.440 30.476630 *
           57) wind_speed_10m>=31.55 4686    17396.360 32.164300 *
         29) wind_speed_10m>=33.25 7239    41730.640 34.947880  
           58) wind_speed_10m< 35.15 3729    16835.640 33.915470 *
           59) wind_speed_10m>=35.15 3510    16697.820 36.044700 *
       15) wind_speed_10m>=37.65 6406   160141.600 42.108590  
         30) wind_speed_10m< 45.35 5130    45126.690 40.290780  
           60) wind_speed_10m< 40.85 2982    16507.880 38.887060  
            120) wind_speed_10m< 39.05 1496     7354.120 38.077610 *
            121) wind_speed_10m>=39.05 1486     7186.784 39.701950 *
           61) wind_speed_10m>=40.85 2148    14585.690 42.239530  
            122) wind_speed_10m< 42.85 1205     6294.749 41.351700 *
            123) wind_speed_10m>=42.85 943     6127.413 43.374020 *
         31) wind_speed_10m>=45.35 1276    29911.130 49.416850  
           62) wind_speed_10m< 51.75 913     9014.922 47.305590  
            124) wind_speed_10m< 48.15 519     3517.891 46.008670 *
            125) wind_speed_10m>=48.15 394     3474.173 49.013960 *
           63) wind_speed_10m>=51.75 363     6590.815 54.727000  
            126) wind_speed_100m< 84 304     3016.639 53.558220 *
            127) wind_speed_100m>=84 59     1019.187 60.749150 *
