n= 229199 

node), split, n, loss, yval, (yprob)
      * denotes terminal node

 1) root 229199 33058 0 (0.85576726 0.14423274)  
   2) wind_speed_10m< 27.75 196141  3252 0 (0.98342009 0.01657991) *
   3) wind_speed_10m>=27.75 33058  3252 1 (0.09837256 0.90162744)  
     6) wind_speed_10m< 29.25 6743  2416 1 (0.35829749 0.64170251)  
      12) wind_speed_10m< 28.25 2439  1165 1 (0.47765478 0.52234522)  
        24) wind_gusts_10m>=45.9 1439   649 0 (0.54899236 0.45100764) *
        25) wind_gusts_10m< 45.9 1000   375 1 (0.37500000 0.62500000) *
      13) wind_speed_10m>=28.25 4304  1251 1 (0.29065985 0.70934015) *
     7) wind_speed_10m>=29.25 26315   836 1 (0.03176895 0.96823105) *
